1225
1 1 0
1 2 0
1 35 0
1 22 0
1 16 0
1 33 0
1 26 0
1 18 0
1 30 0
1 10 0
1 34 0
1 25 0
1 4 0
1 3 0
1 32 0
1 27 0
1 28 0
1 31 0
1 19 0
1 14 0
1 24 0
1 12 0
1 20 0
1 9 0
1 21 0
1 5 0
1 6 0
1 29 0
1 23 0
1 15 0
1 8 0
1 7 0
1 11 0
1 17 0
1 13 0
2 2 0
2 1 0
2 35 0
2 22 0
2 18 0
2 33 0
2 16 0
2 34 0
2 26 0
2 25 0
2 27 0
2 5 0
2 32 0
2 4 0
2 30 0
2 31 0
2 19 0
2 6 0
2 9 0
2 3 0
2 29 0
2 24 0
2 28 0
2 12 0
2 10 0
2 11 0
2 23 0
2 20 0
2 7 0
2 15 0
2 17 0
2 14 0
2 8 0
2 13 0
2 21 0
3 3 0
3 10 0
3 4 0
3 7 0
3 11 0
3 23 0
3 14 0
3 5 0
3 1 0
3 32 0
3 28 0
3 21 0
3 27 0
3 30 0
3 22 0
3 35 0
3 15 0
3 33 0
3 34 0
3 29 0
3 26 0
3 20 0
3 31 0
3 25 0
3 19 0
3 16 0
3 2 0
3 12 0
3 9 0
3 6 0
3 8 0
3 18 0
3 24 0
3 17 0
3 13 0
4 4 0
4 7 0
4 3 0
4 5 0
4 11 0
4 22 0
4 28 0
4 10 0
4 23 0
4 27 0
4 8 0
4 26 0
4 24 0
4 20 59
47503 2583.739990 56.250000 344857 1904.349976 512.390015
47504 2024.060059 91.839996 344858 196.919998 1121.060059
47505 2182.330078 438.369995 344859 2002.780029 1099.020020
47506 1619.310059 508.609985 344860 1664.319946 1108.199951
47507 1153.630005 532.739990 344861 1204.119995 868.869995
47508 1240.239990 558.900024 344862 148.580002 481.589996
47509 1555.890015 686.000000 344863 2005.020020 1924.660034
47510 2229.340088 752.119995 344864 1681.790039 1699.030029
47511 218.929993 827.919983 344865 2428.929932 41.200001
47512 236.610001 981.700012 344866 2298.840088 386.910004
47513 2295.500000 986.739990 344867 1127.739990 1057.079956
47514 2654.469971 1139.189941 344868 1191.699951 146.160004
47515 2419.120117 1180.569946 344869 1116.650024 20.360001
47516 472.769989 1441.859985 344870 2261.870117 507.790009
47517 2293.419922 1473.050049 344871 2247.969971 400.440002
47518 1543.119995 1491.099976 344872 1546.069946 1447.109985
47519 1605.150024 1509.380005 344873 2989.389893 1549.910034
47520 690.049988 1692.060059 344874 64.449997 770.950012
47521 2736.860107 1904.300049 344875 1861.260010 1230.449951
47522 561.950012 1980.819946 344876 2679.689941 1995.069946
47523 676.450012 555.000000 344877 2456.409912 1132.219971
47524 2481.310059 930.030029 344878 1707.219971 1641.420044
47525 462.070007 1009.809998 344879 2809.949951 1203.170044
47526 2725.000000 1240.469971 344880 147.339996 1736.260010
47527 572.250000 1275.670044 344881 212.059998 1220.109985
47528 2378.169922 1333.140015 344882 2237.090088 219.970001
47529 214.919998 1452.719971 344883 1550.010010 1470.569946
47530 1657.260010 1489.239990 344884 1819.069946 1816.750000
47531 1756.459961 1573.569946 344885 2937.780029 567.690002
47532 1730.170044 1588.550049 344886 34.799999 838.010010
47533 1725.079956 1608.949951 344887 740.369995 569.369995
47534 285.760010 1641.280029 344888 871.640015 119.830002
47535 604.099976 1643.439941 344889 2133.699951 390.929993
47536 1706.540039 1644.680054 344890 325.859985 1577.479980
47537 58.139999 1682.199951 344891 1507.329956 252.240005
47538 143.839996 1757.439941 344892 2766.570068 1718.939941
47539 446.970001 1768.219971 344893 724.590027 1777.319946
47540 2220.370117 225.300003 344894 718.979980 601.510010
47541 1583.959961 472.630005 344895 1033.790039 12.960000
47542 2939.379883 603.030029 344896 1206.010010 732.270020
47543 2445.860107 814.729980 344897 531.559998 969.000000
47544 1765.430054 833.770020 344898 2148.979980 301.329987
47545 2558.709961 850.359985 344899 1355.270020 1558.079956
47546 511.640015 902.390015 344900 276.220001 693.039978
47547 1144.079956 1062.300049 344901 1620.040039 1245.800049
47548 415.100006 1674.300049 344902 491.190002 1789.770020
47549 1249.500000 1978.089966 344903 75.080002 766.169983
47550 2760.260010 469.589996 344904 2364.929932 1658.319946
47551 403.179993 628.340027 344905 319.079987 344.559998
47552 2668.889893 1072.260010 344906 1107.939941 1919.390015
47553 2156.399902 1346.709961 344907 2399.639893 1297.810059
47554 1553.890015 1455.849976 344908 266.000000 790.729980
47555 2149.399902 1477.880005 344909 176.600006 1511.650024
47556 2945.139893 1752.229980 344910 916.690002 173.960007
47557 2978.659912 1788.760010 344911 791.609985 38.570000
47558 2651.850098 1793.310059 344912 519.140015 1486.300049
47559 2350.070068 1103.010010 344913 820.239990 1150.020020
47560 2399.689941 1332.500000 344914 1581.380005 43.959999
47561 637.349976 905.919983 344915 203.449997 951.219971
