01776.jpg 11375.1738281 0.981771040358 -0.0165009125093 0.178090184187 0.0643305604603 0.0610552187939 -0.00064944319465 -0.178749467408 0.286087342118 0 
02491.jpg 11313.4423828 0.994000265445 -0.0181904999501 0.088697749324 0.0613622499805 -0.189593916527 -0.000804594904495 -1.15879283354 0.289604788409 0 
02534.jpg 13436.8339844 0.985505700195 -0.00947737073209 0.15990449187 0.0558446240587 -0.0498994539238 -0.00011967192777 -0.653134525706 -0.0283830878582 0 
02489.jpg 11352.0595703 0.985123376366 -0.0176419766371 0.163809408718 0.0488621474619 -0.19401119266 -0.00154015515355 -1.15927232099 0.281384282156 0 
01737.jpg 11558.6630859 0.991937441367 -0.00571928297466 0.124949737618 0.0203711036049 -0.178745526687 0.0062886247262 -1.68402850052 0.251427139914 0 
02461.jpg 11558.5673828 0.9919374408 -0.0057191054558 0.124950205312 0.0203714346657 -0.178748633534 0.00628503296476 -1.68398859093 0.251413602187 0 
01699.jpg 11342.8339844 0.973122932914 -0.0129228932819 0.227175569034 0.035435236481 0.677440365341 0.00406967699558 -3.24747875211 0.306604959416 0 
02314.jpg 11349.4492188 0.975594093367 -0.00749085758557 0.217460919333 0.0295333134012 0.157927673172 -0.00233495688883 -3.17331261025 0.276873874986 0 
01708.jpg 11677.6708984 0.995220528114 -0.00668720537353 0.0939839431721 0.0256574245328 -0.283528097361 0.00123113118355 -2.9952313213 0.23627960395 0 
02328.jpg 11677.6054688 0.995220599105 -0.0066869293403 0.0939839472483 0.0256569949434 -0.283534256252 0.00122856760221 -2.99519954127 0.236303980619 0 
02327.jpg 11662.1503906 0.987755312245 0.000723538022562 0.152901580133 0.030979708585 -0.291171702606 -0.000847455560898 -2.98677090556 0.227519392014 0 
01706.jpg 11670.9355469 0.977951767345 -0.018384878202 0.206988894079 0.0206975866697 -0.292590704164 -0.00323480164499 -2.99144253949 0.254494309012 0 
02356.jpg 11336.9970703 0.997525228474 -0.0141092553801 0.0673972790949 0.0142219182325 -0.812565914514 -0.00154566598096 -2.77880002887 0.275167200287 0 
02410.jpg 11438.6318359 0.99525437416 -0.0104933054702 0.0926166227757 0.0279386652387 -0.447544992177 0.00286672779199 -2.11735152598 0.255223618244 0 
02408.jpg 11438.6318359 0.995254514763 -0.0104932950538 0.0926166716411 0.0279388471908 -0.447546495768 0.0028668325662 -2.11735399566 0.255229254493 0 
02316.jpg 11297.5654297 0.995827260084 0.0137774721846 0.0744147010541 0.0509951541988 0.170859071814 0.00171376368595 -3.1651277657 0.27860027656 0 
01738.jpg 11450.0966797 0.997906855336 0.00561517154524 0.0570657636267 0.0298960211204 -0.179517561748 0.00772878425181 -1.68153745172 0.258286060116 0 
02462.jpg 11450.1074219 0.997906961077 0.00561474051416 0.057065815634 0.0298973368581 -0.179517531325 0.00773235136615 -1.68152964182 0.258358099955 0 
01761.jpg 13392.7851562 0.99386742081 -0.00729396166695 0.0998872740382 0.0468748814501 -0.0461598964567 0.000229953960242 -0.651131796031 -0.00321243413454 0 
02536.jpg 13392.7207031 0.993867484042 -0.00729391448773 0.0998875159557 0.046874518524 -0.0461615398464 0.000229913076201 -0.651112748245 -0.00322526796564 0 
02578.jpg 11349.3857422 0.993376783176 0.00514419774696 0.103025851154 0.0506197910962 0.0671059271301 -0.000194233318336 -0.17767634098 0.273582921799 0 
02537.jpg 13503.1933594 0.998842169838 0.0273832939595 0.0287248359931 0.0271902738548 -0.0421868101672 0.000910097975704 -0.652411709674 -0.0667526281827 0 
01762.jpg 13503.1728516 0.998842206848 0.0273834271956 0.0287248672138 0.0271897280661 -0.0421868875836 0.000909589281449 -0.652409452914 -0.066724687005 0 
02493.jpg 11379.34375 0.998542652667 0.00699811338835 0.0102652143128 0.0525190797574 -0.184900389576 1.56125112838e-17 -1.15849769875 0.279442346667 0 
02414.jpg 11417.1777344 0.999518901058 -0.00863963161577 -0.00418369158482 0.0294890943947 -0.445516429491 0.003252517355 -2.12029721784 0.274821557945 0 
02412.jpg 11417.1435547 0.999519155183 -0.00863955781171 -0.00418357709551 0.0294880826047 -0.445516167063 0.00325041268129 -2.12028734144 0.274793284206 0 
02423.jpg 11496.0576172 0.998445527305 -0.010202460913 -0.0517297809217 0.0180738830742 -0.441179749573 0.00294567449453 -2.12606076884 0.26714776331 0 
02329.jpg 11672.6806641 0.998908651098 -0.00207150311978 0.0242943525197 0.0398420203612 -0.278484670348 0.0020430394514 -2.99451789638 0.246513444256 0 
01709.jpg 11672.6660156 0.998908583557 -0.00207131882993 0.0242945631988 0.0398418889939 -0.278482432109 0.00204096664698 -2.99452089864 0.246461348651 0 
02463.jpg 11442.9511719 0.997561410952 -0.0562650953365 -0.0206668987141 0.0357556142831 -0.179393289402 0.0032452746563 -1.68585122172 0.282735844975 0 
02358.jpg 11292.7275391 0.999500924323 -0.0145921820072 -0.013878913318 0.0243469088698 -0.817602626487 0.00107533172331 -2.77762513526 0.298999274174 0 
01717.jpg 11292.7255859 0.999500825943 -0.0145922509428 -0.0138790630326 0.0243472295334 -0.817604289911 0.00107608395683 -2.77762727643 0.298995093189 0 
02367.jpg 11322.8730469 0.993899578446 -0.0252919651848 -0.102159526119 0.0329749627878 -0.818048237105 5.55111512313e-17 -2.77943815778 0.297162561535 0 
02366.jpg 11322.7099609 0.993899543105 -0.0252937034122 -0.102159087812 0.0329775190097 -0.818028092134 1.29654851016e-05 -2.77936814327 0.297206693727 0 
02361.jpg 11307.3066406 0.99533519884 -0.0590243437599 -0.0689384951287 0.0327351128719 -0.81724142935 -0.00212630463551 -2.78371872247 0.293879887532 0 
02360.jpg 11307.3203125 0.995335127446 -0.0590241733738 -0.0689387976858 0.0327355693229 -0.817244583515 -0.0021265118453 -2.78372066656 0.293895956989 0 
02416.jpg 11454.0292969 0.996491613292 -0.0653790855372 -0.0449390475307 0.0266565154173 -0.443413095516 -0.000391593517005 -2.12936482419 0.272849523357 0 
02418.jpg 11453.8310547 0.99649153669 -0.0653798477415 -0.044939344869 0.0266566565503 -0.443408829749 -0.000393427813135 -2.12929529 0.272690379164 0 
02495.jpg 11390.2285156 0.996842861279 -0.0714066256735 -0.00372367050513 0.0345204041392 -0.184765981249 -0.0050032531771 -1.16047285656 0.280353277852 0 
02538.jpg 13470.9345703 0.99814546928 -0.0573173109599 0.00212485608157 0.0203992564824 -0.0412405295722 -0.00424493709641 -0.654223189655 -0.0455049518409 0 
02371.jpg 11320.8164062 0.98713376645 -0.0814340126704 -0.137281295854 0.00947324948407 -0.869494683443 -0.00425990467472 -2.78339897734 0.30568877642 0 
02369.jpg 11339.2001953 0.988058586586 -0.00827980364352 -0.153682328676 -0.00732153007774 -0.869149351141 0.000711773775104 -2.78465758829 0.273214622509 0 
02364.jpg 11306.4970703 0.988668212608 -0.0847865228351 -0.115770067509 0.0440914008376 -0.815803086676 -0.00405221059062 -2.781041834 0.302593509811 0 
02363.jpg 11306.5078125 0.988668159083 -0.0847866447769 -0.115770304414 0.0440901162281 -0.815810702285 -0.00404965255519 -2.78105763477 0.302630730528 0 
01710.jpg 11662.3515625 0.995844643445 -0.0689598601168 -0.0418045078593 0.0423144698146 -0.277904979544 -0.00330704480058 -3.00141456319 0.245823948621 0 
02330.jpg 11662.0869141 0.9958445468 -0.0689609521387 -0.041801767401 0.0423154044229 -0.277881335994 -0.00330579737179 -3.00137593747 0.245274086883 0 
02497.jpg 11380.8417969 0.986951087562 -0.111546106382 -0.0877851477974 0.0760187743259 -0.182265355688 -0.00746263666177 -1.15784713148 0.300833850847 0 
02420.jpg 11492.4794922 0.991502689699 -0.103097819712 -0.0748711249097 0.0262264216399 -0.440969307949 -0.00338721128229 -2.12670954254 0.282726015538 0 
02464.jpg 11401.6386719 0.988956767479 -0.120690666091 -0.0766365448053 0.039053743743 -0.177417301778 -0.00169365980022 -1.68507538723 0.284962149646 0 
02580.jpg 11333.9169922 0.995680528456 -0.0705465941498 0.0543825989303 0.0261923578979 0.0703074957388 -0.00497851332141 -0.172722638697 0.296729208803 0 
02582.jpg 11490.6591797 0.990084280905 -0.133759586674 -0.0369360112073 0.0218526359282 0.0763675539165 -0.00978751503873 -0.179983675954 0.280060224233 0 
02540.jpg 13496.7080078 0.990438065831 -0.132628620729 -0.0276605006297 0.0260226316112 -0.042382261974 -0.00903730475279 -0.661669084592 -0.0086487876847 0 
02542.jpg 13414.0136719 0.982955374682 -0.143053008685 -0.102473672367 0.0532342222137 -0.0394989874781 -0.0112693988368 -0.650778475748 0.0163142673217 0 
02465.jpg 11551.0859375 0.982805070863 -0.137130723682 -0.113916115907 0.0480888476355 -0.171152327577 -0.00425025749815 -1.68304184879 0.268093568528 0 
02373.jpg 11302.5908203 0.972069564549 -0.106572680821 -0.20643301079 0.0332964272585 -0.867476468545 -0.00717623520462 -2.78475493622 0.28638996392 0 
02466.jpg 11514.3964844 0.991408940748 -0.024393028072 -0.121755818269 0.0410940707479 -0.168845179491 0.00335021290147 -1.68004339241 0.247187593998 0 
02375.jpg 11344.2373047 0.977831088417 0.00686014545487 -0.209179709068 0.00657703257814 -0.867152049312 -1.93143033634e-05 -2.78832652067 0.27879142047 0 
02318.jpg 11375.1035156 0.999771142472 0.0114620878008 0.00410998753602 -0.0175869300618 0.132073671966 0.00186101412188 -3.22864371745 0.282266459331 0 
02319.jpg 11343.7373047 0.998115690317 -0.0608359000158 0.00775318278919 0.00204283020222 0.128651975191 -0.00280121949064 -3.23068649774 0.284576377997 0 
02374.jpg 11322.234375 0.970654276412 -0.0596665510291 -0.231550565504 0.0255928505056 -0.866964262234 -0.00536790348627 -2.78671161205 0.303500803058 0 
02332.jpg 11807.1572266 0.993485311355 0.0417614593601 -0.105068243643 0.0142765707251 -0.268373831641 0.00256152848685 -2.99274997157 0.158355976416 0 
02468.jpg 11507.6494141 0.992377527927 0.0461102140968 -0.111654360265 0.024373920849 -0.166237428032 0.00839597870232 -1.6763136871 0.229259347193 0 
02331.jpg 11750.0869141 0.982716434476 -0.110267418848 -0.13701312347 0.0577660659863 -0.275505427393 -0.0066268390786 -3.00279470065 0.240497793653 0 
02317.jpg 11455.9980469 0.998593013289 0.0408538223517 -0.0337643733435 -0.00168337026484 0.145479786775 0.00159439065121 -3.20847542377 0.263900666449 0 
02668.jpg 11429.8603516 0.992709735426 0.0105211034826 0.112955368924 0.0407156340869 -0.450481180409 0.00511207199949 1.67160243222 0.270440250621 0 
02666.jpg 11440.4013672 0.984547021328 0.00739427962567 0.16985543579 0.0419708825443 -0.451725814982 0.00458524561874 1.67109463273 0.267075705428 0 
02669.jpg 11455.6855469 0.998048823277 0.0182773219725 0.0454983451291 0.0386561843805 -0.445941642289 0.00530327215933 1.67343389134 0.255318026394 0 
02713.jpg 11370.0986328 0.988123535232 -0.00506590313793 0.14623191692 0.0469318085361 -0.373741739894 -0.000747915221826 2.55276356609 0.279074698786 0 
02714.jpg 11370.203125 0.995159216322 -0.0111015867973 0.0804789566706 0.0552986317387 -0.370495540923 -0.000837937326056 2.55235290545 0.287789222579 0 
02712.jpg 11383.7744141 0.978134870693 -0.00363614138586 0.203701877422 0.0417654476747 -0.376075524395 -0.00117999517155 2.55412537785 0.27985557904 0 
02744.jpg 11431.4160156 0.987044859155 -0.00413684556561 0.160186518598 0.00810584108131 -0.734494770311 0.000212351807407 4.76896243974 0.283129557484 0 
02726.jpg 11412.0117188 0.990668484268 0.00705001658738 0.131673371808 0.0344733032993 0.180017755572 -0.0131555876 3.12448691313 0.277577439395 0 
02732.jpg 11425.9404297 0.98984571423 -0.00499279803533 0.136038998032 0.0409154410117 0.0767258540014 -0.0167890545885 3.68634135195 0.275728547282 0 
02738.jpg 11452.40625 0.990183317487 -0.00835864781376 0.133137857482 0.0417322343549 -0.0190169117312 -0.0154905990661 4.21919016914 0.27066644673 0 
02743.jpg 11528.1972656 0.987149832858 -0.0257357711903 0.154175366823 0.0332121165075 -0.251930245349 -0.0158040121722 4.74548993033 0.268620333376 0 
02742.jpg 11470.3994141 0.973636244551 -0.00946994986575 0.225180536651 0.0351673860324 -0.256582991534 -0.014145247389 4.74582107779 0.276817463435 0 
02725.jpg 11384.6621094 0.975693396437 0.00474704848446 0.217986497059 0.0219552986337 0.175544748537 -0.0131544677011 3.12741756691 0.271043225565 0 
02745.jpg 11408.8115234 0.996655834706 -0.00470296532711 0.0797847876033 0.0170162753227 -0.731974963795 9.83056499209e-05 4.77612186197 0.262339049914 0 
02763.jpg 11558.7802734 0.992369042497 -0.00269671695928 0.12020420648 0.0273351648317 -0.358894179141 -0.0109168052504 5.5775280281 0.254685866337 0 
02747.jpg 11395.1015625 0.963184253634 -0.00590810885692 0.268260689552 -0.0166544728973 -0.732722315627 -6.93889390391e-18 4.77644997866 0.275158272816 0 
02746.jpg 11397.6884766 0.999359221108 0.00155607972422 -5.56516509889e-05 0.0357607570201 -0.725716246482 0.000609255276445 4.77774602629 0.268664598494 0 
02670.jpg 11445.78125 0.996050793975 -0.0525022384172 -0.0448346295451 0.0558249561282 -0.453837604854 0.000292679718855 1.67897515154 0.265994347493 0 
02671.jpg 11466.7578125 0.995448732977 -0.0227441431764 -0.0700509002727 0.060476436855 -0.452581974717 0.00162480482759 1.67802059112 0.269713980971 0 
02716.jpg 11425.0166016 0.992308708232 -0.0827172896134 -0.0698426315291 0.0600289020227 -0.376464444987 -0.00637334840306 2.55769136547 0.290228043089 0 
02672.jpg 11467.6191406 0.982827778255 -0.102176495672 -0.139311634233 0.0648224042116 -0.455185907704 -0.00513792490088 1.6738937081 0.298132104699 0 
02717.jpg 11488.7021484 0.974468785478 -0.13786505557 -0.150453070328 0.0936353022329 -0.377425732746 -0.0106678298485 2.55391754652 0.298214758261 0 
02715.jpg 11419.5410156 0.998509285944 0.013214220744 -0.0355753844488 0.039229100475 -0.371561727797 -0.000308168883632 2.55846629239 0.252269971974 0 
00269.jpg 11279.2265625 0.941437194949 -0.0993087705581 -0.318930344748 0.0460148741259 -0.864298496938 -0.0114138155317 -2.784898126 0.277815090127 0 
02673.jpg 11546.8378906 0.954590565637 -0.173163999377 -0.223164920526 0.0947028788387 -0.45596749458 -0.0064655254378 1.66511377013 0.277475734167 0 
02674.jpg 11576.5175781 0.960843181002 -0.10872343134 -0.239274520056 0.087790622668 -0.451228569249 -0.0045059678215 1.67058807979 0.268570567576 0 
00271.jpg 11327.0361328 0.903876661161 -0.144618269862 -0.391550210176 0.0937068547732 -0.861066620964 -0.0150062540628 -2.78401574492 0.296907578146 0 