-0.005805 -0.004473 0.031724 -0.005767 -0.004387 0.031584
-0.003835 -0.005066 0.033834 -0.003771 -0.004868 0.033635
-0.004580 -0.004341 0.033641 -0.004538 -0.004188 0.033451
-0.004323 -0.004411 0.033807 -0.004279 -0.004244 0.033611
0.004616 -0.005218 0.034696 0.004565 -0.004652 0.034349
-0.004127 -0.005699 0.057206 -0.003664 -0.005299 0.056663
-0.006914 -0.002753 0.032606 -0.006919 -0.002733 0.032456
-0.006744 -0.002532 0.033126 -0.006752 -0.002504 0.032964
-0.006348 -0.002786 0.033456 -0.006346 -0.002734 0.033285
0.007047 -0.003880 0.034738 0.006901 -0.003232 0.034341
0.007349 -0.003979 0.034387 0.007197 -0.003320 0.033991
0.007376 -0.003894 0.034424 0.007220 -0.003234 0.034026
0.006865 -0.003810 0.034987 0.006723 -0.003169 0.034588
0.006954 -0.003452 0.035194 0.006798 -0.002810 0.034787
0.008013 -0.003859 0.033851 0.007837 -0.003178 0.033452
0.008070 -0.003854 0.033794 0.007892 -0.003171 0.033395
0.008388 -0.003562 0.033801 0.008192 -0.002871 0.033394
0.008574 -0.003457 0.033699 0.008370 -0.002760 0.033289
0.007570 -0.002657 0.035444 0.007374 -0.002000 0.035018
0.008763 -0.002784 0.034177 0.008534 -0.002086 0.033752
-0.006367 -0.000507 0.034935 -0.006439 -0.000480 0.034724
-0.000252 0.000066 0.059063 -0.000066 0.000555 0.058384
-0.006411 0.003363 0.048100 -0.006439 0.003443 0.047659
0.003153 0.005183 0.057624 0.003044 0.005723 0.056870
-0.005403 0.001999 0.036694 -0.005569 0.002043 0.036420
-0.006620 0.005409 0.048928 -0.006720 0.005454 0.048461
0.006795 0.001231 0.037659 0.006482 0.001813 0.037181
-0.006753 0.007118 0.049555 -0.006914 0.007136 0.049067
-0.006725 0.008032 0.049914 -0.006918 0.008040 0.049413
-0.004540 -0.004597 0.033327 -0.004492 -0.004441 0.033143
-0.004503 -0.004566 0.033404 -0.004456 -0.004409 0.033218
-0.003554 -0.004859 0.033887 -0.003502 -0.004652 0.033681
0.004325 -0.005523 0.034459 0.004288 -0.004967 0.034123
-0.005265 -0.004232 0.032905 -0.005228 -0.004117 0.032736
-0.004647 -0.004413 0.033485 -0.004603 -0.004263 0.033299
-0.004834 -0.004218 0.033534 -0.004795 -0.004079 0.033349
0.005038 -0.005426 0.034154 0.004981 -0.004844 0.033811
0.005021 -0.005143 0.034598 0.004959 -0.004562 0.034246
0.005382 -0.005109 0.034531 0.005312 -0.004513 0.034173
-0.004947 -0.003703 0.033980 -0.004921 -0.003573 0.033786
-0.004650 -0.003945 0.034072 -0.004617 -0.003797 0.033874
0.005291 -0.004914 0.034721 0.005217 -0.004324 0.034361
-0.006634 -0.002886 0.032924 -0.006632 -0.002850 0.032766
-0.006613 -0.002821 0.033129 -0.006611 -0.002783 0.032967
-0.006221 -0.002525 0.033912 -0.006225 -0.002469 0.033729
0.006761 -0.003893 0.035020 0.006624 -0.003255 0.034623
0.006950 -0.003873 0.034689 0.006805 -0.003229 0.034294
-0.006674 -0.002248 0.033562 -0.006689 -0.002217 0.033391
-0.006427 -0.002456 0.033717 -0.006434 -0.002410 0.033541
0.006941 -0.003735 0.034971 0.006794 -0.003092 0.034571
0.007048 -0.003571 0.035014 0.006893 -0.002926 0.034610
0.006982 -0.003237 0.035413 0.006820 -0.002596 0.035002
0.007181 -0.003459 0.035019 0.007019 -0.002810 0.034612
0.008145 -0.003919 0.033636 0.007966 -0.003233 0.033238
0.008000 -0.003318 0.034402 0.007810 -0.002642 0.033990
0.008454 -0.003550 0.033721 0.008256 -0.002856 0.033313
0.008591 -0.003514 0.033635 0.008387 -0.002816 0.033226
-0.007087 -0.001435 0.033562 -0.007130 -0.001435 0.033390
-0.006590 -0.001745 0.034075 -0.006619 -0.001715 0.033890
-0.002495 -0.001586 0.059851 -0.002191 -0.001159 0.059209
0.007575 -0.002983 0.035083 0.007388 -0.002324 0.034665
0.008539 -0.002956 0.034236 0.008321 -0.002264 0.033815
0.008623 -0.002756 0.034306 0.008397 -0.002063 0.033881
0.007385 -0.002372 0.035715 0.007185 -0.001725 0.035285
0.007701 -0.002380 0.035509 0.007493 -0.001721 0.035078
0.007741 -0.002387 0.035417 0.007531 -0.001728 0.034986
0.008156 -0.002228 0.035202 0.007929 -0.001556 0.034766
0.008238 -0.002509 0.034895 0.008017 -0.001831 0.034465
0.008540 -0.002282 0.034762 0.008303 -0.001596 0.034328
0.006878 -0.001172 0.036661 0.006650 -0.000558 0.036216
0.008379 -0.002009 0.035093 0.008137 -0.001331 0.034654
-0.005849 0.003279 0.058413 -0.005721 0.003474 0.057808
0.005864 0.001330 0.037987 0.005566 0.001874 0.037518
0.005959 0.001334 0.038000 0.005660 0.001882 0.037529
0.006054 0.001371 0.038043 0.005752 0.001923 0.037570
-0.006647 0.007230 0.049616 -0.006813 0.007251 0.049125
-0.006666 0.007506 0.049751 -0.006841 0.007523 0.049255
0.005026 0.008164 0.051445 0.004663 0.008681 0.050730
0.007297 0.003911 0.038579 0.006876 0.004480 0.038057
-0.001226 -0.007197 0.033639 -0.001116 -0.006857 0.033418
-0.005072 -0.004506 0.032810 -0.005028 -0.004379 0.032642
-0.003753 -0.004804 0.033849 -0.003701 -0.004607 0.033646
0.004225 -0.005488 0.034530 0.004189 -0.004936 0.034194
-0.005203 -0.004199 0.033072 -0.005166 -0.004080 0.032900
-0.004996 -0.004390 0.033054 -0.004954 -0.004260 0.032880
-0.004922 -0.004256 0.033322 -0.004883 -0.004122 0.033142
-0.005042 -0.004113 0.033414 -0.005005 -0.003986 0.033233
-0.004419 -0.004429 0.033688 -0.004375 -0.004267 0.033495
-0.004421 -0.004313 0.033821 -0.004380 -0.004152 0.033625
-0.003907 -0.004617 0.033924 -0.003860 -0.004428 0.033722
0.004712 -0.005302 0.034540 0.004661 -0.004732 0.034195
0.004858 -0.005076 0.034772 0.004798 -0.004501 0.034420
0.004972 -0.005059 0.034756 0.004910 -0.004480 0.034401
0.005216 -0.005124 0.034546 0.005149 -0.004535 0.034192
-0.004940 -0.003816 0.033903 -0.004910 -0.003685 0.033710
-0.004870 -0.003735 0.034063 -0.004843 -0.003600 0.033867
0.004730 -0.004875 0.035072 0.004668 -0.004307 0.034715
-0.006639 -0.002979 0.032890 -0.006633 -0.002942 0.032734
-0.006662 -0.002805 0.032951 -0.006663 -0.002771 0.032793
-0.006523 -0.002598 0.033439 -0.006527 -0.002557 0.033269
-0.006211 -0.002737 0.033708 -0.006209 -0.002678 0.033530
0.007365 -0.004077 0.034248 0.007215 -0.003417 0.033855
0.007470 -0.004110 0.034105 0.007317 -0.003446 0.033712
0.007935 -0.003971 0.033801 0.007764 -0.003292 0.033405
-0.006989 -0.002132 0.033168 -0.007010 -0.002120 0.033006
0.006426 -0.003663 0.035454 0.006292 -0.003038 0.035055
0.007230 -0.003591 0.034848 0.007070 -0.002939 0.034444
0.007311 -0.003523 0.034862 0.007147 -0.002868 0.034456
0.007467 -0.003822 0.034464 0.007308 -0.003160 0.034064
0.007485 -0.003430 0.034788 0.007314 -0.002770 0.034379
-0.006512 -0.001842 0.034103 -0.006538 -0.001806 0.033917
0.008405 -0.002742 0.034558 0.008186 -0.002056 0.034132
0.008366 -0.002835 0.034491 0.008150 -0.002150 0.034068
0.007949 -0.002164 0.035387 0.007726 -0.001499 0.034952
0.007974 -0.002048 0.035394 0.007745 -0.001384 0.034958
0.008222 -0.002661 0.034784 0.008006 -0.001982 0.034357
0.008310 -0.002638 0.034719 0.008090 -0.001957 0.034291
0.008477 -0.002688 0.034541 0.008255 -0.002000 0.034114
0.008531 -0.002192 0.034893 0.008292 -0.001506 0.034456
0.008703 -0.002735 0.034274 0.008474 -0.002039 0.033848
0.008638 -0.002024 0.034813 0.008389 -0.001337 0.034374
-0.005860 0.003662 0.058504 -0.005747 0.003852 0.057894
0.007816 -0.000749 0.036104 0.007546 -0.000106 0.035648
-0.004546 -0.006337 0.032169 -0.004442 -0.006164 0.032017
-0.004195 -0.006380 0.032488 -0.004090 -0.006188 0.032326
-0.001046 -0.006810 0.033819 -0.000952 -0.006467 0.033589
0.003807 -0.007549 0.033411 0.003848 -0.006991 0.033116
-0.004535 -0.005966 0.032306 -0.004445 -0.005797 0.032148
-0.005203 -0.004277 0.032999 -0.005163 -0.004157 0.032828
-0.004704 -0.004325 0.033499 -0.004663 -0.004179 0.033313
-0.006760 -0.003264 0.032299 -0.006750 -0.003232 0.032156
0.005024 -0.004827 0.034983 0.004954 -0.004248 0.034622
-0.006718 -0.002488 0.033239 -0.006727 -0.002459 0.033074
0.006605 -0.003922 0.035284 0.006476 -0.003287 0.034886
0.007391 -0.004213 0.034069 0.007243 -0.003551 0.033679
0.007564 -0.003941 0.034247 0.007404 -0.003275 0.033849
-0.006254 -0.002426 0.033977 -0.006261 -0.002372 0.033794
-0.006053 -0.002285 0.034153 -0.006067 -0.002222 0.033963
0.006888 -0.003471 0.035297 0.006736 -0.002831 0.034890
0.006844 -0.003609 0.035181 0.006697 -0.002970 0.034778
0.007794 -0.003660 0.034298 0.007620 -0.002988 0.033894
0.007768 -0.003399 0.034560 0.007587 -0.002729 0.034150
0.008221 -0.003923 0.033542 0.008039 -0.003235 0.033145
0.008630 -0.003562 0.033573 0.008427 -0.002862 0.033165
0.008854 -0.003541 0.033339 0.008643 -0.002834 0.032931
-0.006028 -0.001202 0.034892 -0.006076 -0.001150 0.034682
0.007038 -0.002934 0.035647 0.006866 -0.002293 0.035229
0.007632 -0.002898 0.035116 0.007441 -0.002238 0.034696
0.008282 -0.002759 0.034653 0.008067 -0.002077 0.034228
0.008766 -0.003266 0.033717 0.008550 -0.002564 0.033302
0.008495 -0.002283 0.034834 0.008260 -0.001598 0.034399
0.008863 -0.002520 0.034289 0.008623 -0.001820 0.033858
0.008971 -0.002476 0.034232 0.008727 -0.001773 0.033800
0.008821 -0.002117 0.034503 0.008568 -0.001424 0.034066
0.006812 -0.001128 0.036707 0.006583 -0.000516 0.036262
0.008251 -0.001960 0.035237 0.008012 -0.001287 0.034797
0.008622 -0.001982 0.034921 0.008373 -0.001296 0.034481
0.007550 -0.000329 0.036043 0.007266 0.000296 0.035589
0.007928 -0.000589 0.036107 0.007650 0.000056 0.035648
0.008026 -0.000388 0.036026 0.007736 0.000258 0.035566
-0.006482 0.005892 0.049115 -0.006601 0.005937 0.048640
-0.006453 0.006541 0.049369 -0.006597 0.006580 0.048884
-0.000934 -0.006875 0.033882 -0.000839 -0.006525 0.033651
-0.001931 -0.005588 0.034016 -0.001872 -0.005300 0.033788
-0.004838 -0.004591 0.032948 -0.004792 -0.004451 0.032775
-0.005163 -0.004139 0.033220 -0.005127 -0.004018 0.033045
-0.004582 -0.004057 0.033986 -0.004546 -0.003906 0.033789
0.005146 -0.004973 0.034748 0.005077 -0.004388 0.034390
-0.006959 -0.002881 0.032395 -0.006960 -0.002863 0.032251
0.004270 -0.004132 0.035669 0.004194 -0.003589 0.035305
-0.006975 -0.002392 0.033369 -0.006981 -0.002374 0.033206
-0.006308 -0.002520 0.033826 -0.006313 -0.002468 0.033646
0.007048 -0.003464 0.035162 0.006891 -0.002819 0.034755
0.007455 -0.003877 0.034370 0.007297 -0.003215 0.033972
0.006200 -0.003110 0.035843 0.006052 -0.002501 0.035437
0.007443 -0.003015 0.035195 0.007261 -0.002360 0.034777
0.008363 -0.003191 0.034154 0.008157 -0.002503 0.033739
0.007463 -0.002628 0.035645 0.007272 -0.001974 0.035218
0.007794 -0.002708 0.035203 0.007593 -0.002042 0.034777
0.008156 -0.002103 0.035242 0.007924 -0.001432 0.034805
0.008103 -0.001966 0.035344 0.007868 -0.001298 0.034905
0.008822 -0.002410 0.034419 0.008580 -0.001713 0.033986
0.002345 -0.007125 0.033924 0.002400 -0.006632 0.033641
0.005384 -0.005240 0.034300 0.005316 -0.004645 0.033948
-0.006801 -0.002504 0.033115 -0.006810 -0.002479 0.032954
0.005571 -0.004306 0.035194 0.005474 -0.003710 0.034817
0.007442 -0.003537 0.034633 0.007274 -0.002879 0.034228
0.008892 -0.003401 0.033419 0.008675 -0.002694 0.033008
-0.006745 0.005611 0.048992 -0.006850 0.005648 0.048525
0.000205 -0.007062 0.033979 0.000292 -0.006660 0.033729
0.007189 -0.003648 0.034854 0.007033 -0.002996 0.034451
0.007148 -0.003281 0.035248 0.006983 -0.002634 0.034836
0.007802 -0.003164 0.034719 0.007613 -0.002496 0.034304
0.008431 -0.003017 0.034284 0.008219 -0.002328 0.033865
0.004694 -0.005643 0.034178 0.004652 -0.005071 0.033841
-0.004846 -0.004346 0.033343 -0.004804 -0.004207 0.033162
0.007585 -0.003337 0.034798 0.007409 -0.002674 0.034387
0.008252 -0.003753 0.033748 0.008066 -0.003065 0.033345
0.008354 -0.002311 0.034957 0.008124 -0.001631 0.034523
0.008778 -0.002599 0.034317 0.008543 -0.001902 0.033887
0.008582 -0.002462 0.034567 0.008349 -0.001773 0.034136
0.007765 -0.001913 0.035614 0.007537 -0.001258 0.035176
0.008631 -0.002312 0.034622 0.008391 -0.001623 0.034189
0.004774 -0.005403 0.034384 0.004724 -0.004830 0.034041
0.004805 -0.004667 0.035212 0.004736 -0.004097 0.034850
0.008015 -0.002136 0.034616 0.007777 -0.001476 0.034191
0.009140 -0.004364 0.031358 0.008928 -0.003649 0.030982
0.004768 -0.005460 0.034282 0.004719 -0.004888 0.033941
0.007466 -0.004185 0.034043 0.007315 -0.003521 0.033652
0.004876 -0.004684 0.035203 0.004806 -0.004111 0.034840
0.004865 -0.004623 0.035260 0.004794 -0.004051 0.034896
0.007680 -0.003502 0.034539 0.007505 -0.002835 0.034132
0.008179 -0.003636 0.033926 0.007992 -0.002951 0.033521
0.006856 -0.003647 0.035149 0.006710 -0.003007 0.034746
0.007647 -0.003139 0.034890 0.007462 -0.002476 0.034475
0.006952 -0.003146 0.035464 0.006788 -0.002507 0.035052
0.005901 -0.002895 0.036374 0.005757 -0.002297 0.035962
0.031375 0.013394 0.031406 0.030053 0.014770 0.030528
0.004903 -0.005577 0.034055 0.004852 -0.004998 0.033717
0.004923 -0.005073 0.034720 0.004862 -0.004496 0.034367
0.004865 -0.004911 0.034956 0.004801 -0.004337 0.034599
0.008105 -0.003894 0.033718 0.007926 -0.003210 0.033320
0.008342 -0.003779 0.033590 0.008153 -0.003088 0.033189
0.006761 -0.003722 0.035070 0.006618 -0.003086 0.034671
0.007013 -0.003846 0.034795 0.006867 -0.003199 0.034397
0.006937 -0.003683 0.034957 0.006788 -0.003041 0.034557
0.030335 0.001535 0.034132 0.029577 0.003079 0.033325
0.006582 -0.003764 0.035249 0.006446 -0.003133 0.034851
0.008788 -0.002851 0.034109 0.008560 -0.002151 0.033685
0.008403 -0.002331 0.034852 0.008171 -0.001649 0.034419
0.007248 -0.001077 0.036398 0.007006 -0.000451 0.035950
0.009076 -0.004413 0.031409 0.008868 -0.003700 0.031034
0.006474 -0.003846 0.035273 0.006344 -0.003218 0.034877
0.007747 -0.003754 0.034220 0.007577 -0.003083 0.033818
0.008883 -0.003046 0.033804 0.008657 -0.002342 0.033385
0.030084 0.000795 0.035000 0.029375 0.002347 0.034190
0.006508 -0.003581 0.035495 0.006370 -0.002954 0.035093
0.007458 -0.003123 0.035100 0.007278 -0.002466 0.034685
0.009124 -0.002530 0.034038 0.008876 -0.001821 0.033607
0.007015 -0.003076 0.035497 0.006847 -0.002436 0.035082
0.008119 -0.002666 0.034826 0.007906 -0.001991 0.034400
0.028965 0.013899 0.032156 0.027672 0.015171 0.031302
0.005096 -0.005108 0.034607 0.005031 -0.004524 0.034253
0.009254 -0.004026 0.031894 0.009034 -0.003307 0.031505
0.009355 -0.003913 0.031864 0.009128 -0.003192 0.031473
0.004926 -0.004826 0.035060 0.004859 -0.004250 0.034700
0.004852 -0.004655 0.035302 0.004782 -0.004083 0.034938
0.006482 -0.003745 0.035354 0.006348 -0.003118 0.034956
0.006844 -0.003611 0.035183 0.006697 -0.002972 0.034780
0.007747 -0.002946 0.035024 0.007555 -0.002280 0.034603
0.008197 -0.002856 0.034648 0.007987 -0.002176 0.034225
0.008804 -0.002900 0.033938 0.008576 -0.002200 0.033516
0.007634 -0.002904 0.035119 0.007443 -0.002243 0.034699
0.008505 -0.002062 0.034947 0.008262 -0.001379 0.034509
0.007821 -0.000612 0.036208 0.007546 0.000030 0.035750
0.006327 -0.005615 0.032816 0.006236 -0.004987 0.032473
0.004585 -0.003813 0.035821 0.004493 -0.003261 0.035446
0.007601 -0.002433 0.035474 0.007396 -0.001778 0.035045
0.006864 -0.002169 0.036019 0.006668 -0.001545 0.035591
0.007357 -0.003772 0.034602 0.007199 -0.003113 0.034201
0.007146 -0.003279 0.035245 0.006981 -0.002632 0.034833
-0.006837 -0.003420 0.031886 -0.006826 -0.003393 0.031751
-0.007547 -0.002650 0.031489 -0.007563 -0.002669 0.031366
-0.007590 -0.002504 0.031564 -0.007610 -0.002526 0.031439
-0.008068 -0.001977 0.031260 -0.008108 -0.002030 0.031143
-0.008036 -0.001814 0.031485 -0.008080 -0.001867 0.031363
-0.007612 0.000640 0.033650 -0.007733 0.000585 0.033469
-0.007667 0.000906 0.033651 -0.007798 0.000844 0.033469
-0.007531 0.000910 0.033867 -0.007661 0.000856 0.033679
-0.007528 0.000909 0.033868 -0.007658 0.000856 0.033679
-0.007234 0.000188 0.033951 -0.007338 0.000159 0.033763
-0.007343 0.001042 0.034076 -0.007478 0.000996 0.033880
-0.007068 0.000554 0.034386 -0.007183 0.000530 0.034185
-0.007523 0.003374 0.034458 -0.007749 0.003286 0.034241
-0.006806 0.003062 0.035342 -0.007016 0.003018 0.035103
-0.007671 -0.002549 0.031365 -0.007691 -0.002576 0.031245
-0.007260 -0.002844 0.031840 -0.007267 -0.002845 0.031709
-0.007521 -0.002390 0.031888 -0.007542 -0.002408 0.031757
-0.007185 -0.002482 0.032468 -0.007199 -0.002479 0.032323
-0.006649 -0.002768 0.033040 -0.006650 -0.002733 0.032880
-0.007570 -0.001657 0.032581 -0.007611 -0.001683 0.032434
-0.008248 -0.000984 0.031886 -0.008317 -0.001055 0.031755
-0.007772 -0.001400 0.032449 -0.007823 -0.001439 0.032305
-0.007780 -0.001041 0.032682 -0.007842 -0.001084 0.032531
-0.007783 -0.001052 0.032685 -0.007844 -0.001096 0.032534
-0.007122 -0.001804 0.033231 -0.007153 -0.001803 0.033067
-0.008063 -0.000734 0.032469 -0.008136 -0.000797 0.032324
-0.007935 -0.000840 0.032626 -0.008004 -0.000894 0.032477
-0.007143 -0.000891 0.033822 -0.007204 -0.000900 0.033643
-0.007583 0.000900 0.033772 -0.007714 0.000843 0.033586
-0.007402 0.000569 0.033839 -0.007520 0.000525 0.033652
-0.006981 0.000505 0.034500 -0.007093 0.000487 0.034297
-0.006319 0.000525 0.035471 -0.006427 0.000542 0.035242
-0.008231 0.003498 0.033526 -0.008465 0.003371 0.033334
-0.007601 0.003507 0.034493 -0.007831 0.003414 0.034276
-0.006894 0.003052 0.035243 -0.007104 0.003003 0.035006
-0.006421 0.002440 0.035726 -0.006604 0.002425 0.035479
-0.006804 0.004130 0.035699 -0.007054 0.004071 0.035445
-0.007170 -0.002900 0.031940 -0.007174 -0.002894 0.031806
-0.007020 -0.003058 0.032231 -0.007016 -0.003041 0.032092
-0.008074 -0.001665 0.031557 -0.008123 -0.001722 0.031433
-0.007900 -0.001928 0.031658 -0.007938 -0.001971 0.031532
-0.006842 -0.002763 0.032743 -0.006845 -0.002739 0.032590
-0.007720 -0.001567 0.032421 -0.007764 -0.001602 0.032278
-0.008188 -0.000864 0.032093 -0.008260 -0.000933 0.031956
-0.007893 -0.001238 0.032345 -0.007950 -0.001286 0.032203
-0.007864 -0.001038 0.032542 -0.007927 -0.001086 0.032395
-0.007788 -0.000661 0.032925 -0.007862 -0.000709 0.032768
-0.006560 -0.000349 0.034763 -0.006638 -0.000333 0.034556
-0.007535 0.001079 0.033888 -0.007672 0.001022 0.033698
-0.007459 0.001083 0.034035 -0.007595 0.001031 0.033842
-0.006934 0.000734 0.034619 -0.007055 0.000715 0.034412
-0.007884 -0.002730 0.029849 -0.007917 -0.002776 0.029756
-0.008285 -0.002225 0.029577 -0.008337 -0.002298 0.029491
-0.007566 -0.002055 0.032223 -0.007596 -0.002078 0.032084
-0.007224 -0.001647 0.033167 -0.007261 -0.001654 0.033005
-0.007397 -0.000983 0.033391 -0.007457 -0.001006 0.033223
-0.005687 -0.001664 0.034946 -0.005721 -0.001589 0.034733
-0.006131 -0.001357 0.034672 -0.006175 -0.001309 0.034467
-0.007026 0.002886 0.035052 -0.007230 0.002832 0.034821
-0.006734 -0.003243 0.032468 -0.006722 -0.003209 0.032322
-0.007102 -0.002795 0.032296 -0.007107 -0.002785 0.032155
-0.006845 -0.001868 0.033628 -0.006872 -0.001850 0.033455
-0.007059 0.000390 0.034330 -0.007167 0.000369 0.034132
-0.006865 -0.003121 0.032554 -0.006855 -0.003094 0.032407
-0.007627 -0.000550 0.033318 -0.007702 -0.000589 0.033151
-0.007256 -0.000704 0.033747 -0.007324 -0.000721 0.033570
-0.007506 -0.002580 0.031668 -0.007523 -0.002597 0.031541
-0.007810 -0.001871 0.031947 -0.007848 -0.001909 0.031815
-0.006571 -0.002659 0.033261 -0.006575 -0.002621 0.033096
-0.007667 -0.000909 0.033174 -0.007728 -0.000946 0.033013
-0.007179 -0.001474 0.033429 -0.007221 -0.001479 0.033261
-0.007180 -0.001472 0.033428 -0.007222 -0.001477 0.033260
-0.006372 -0.002017 0.034137 -0.006392 -0.001973 0.033949
-0.004317 -0.004609 0.033456 -0.004270 -0.004442 0.033267
-0.003929 -0.004679 0.033859 -0.003880 -0.004492 0.033658
-0.004414 -0.004111 0.034088 -0.004377 -0.003951 0.033887
-0.004773 -0.003787 0.034116 -0.004743 -0.003647 0.033918
0.004157 -0.005362 0.034721 0.004120 -0.004813 0.034382
-0.006591 -0.002485 0.033751 -0.006594 -0.002446 0.033577
-0.006529 -0.002328 0.033674 -0.006541 -0.002289 0.033499
0.004684 -0.005103 0.034793 0.004629 -0.004535 0.034443
-0.006920 -0.002325 0.034423 -0.006914 -0.002296 0.034243
-0.007550 -0.000873 0.032937 -0.007619 -0.000907 0.032777
-0.007573 -0.001063 0.033102 -0.007631 -0.001094 0.032942
-0.007129 -0.001424 0.033573 -0.007171 -0.001426 0.033401
-0.002085 -0.003099 0.059399 -0.001730 -0.002635 0.058769
-0.004799 0.001146 0.058591 -0.004594 0.001421 0.057984
-0.007502 0.001116 0.033729 -0.007644 0.001059 0.033541
-0.003630 0.001300 0.059234 -0.003440 0.001628 0.058596
0.000194 0.000325 0.059104 0.000362 0.000829 0.058415
-0.006915 0.002872 0.035242 -0.007117 0.002826 0.035007
-0.006338 0.002736 0.035859 -0.006534 0.002722 0.035606
-0.006564 0.006317 0.049296 -0.006697 0.006353 0.048815
-0.006546 0.007085 0.049545 -0.006708 0.007112 0.049054
-0.004532 -0.004468 0.033546 -0.004487 -0.004312 0.033358
0.005102 -0.005523 0.034076 0.005046 -0.004937 0.033733
-0.007420 -0.002147 0.032405 -0.007445 -0.002160 0.032262
-0.007302 -0.001973 0.032919 -0.007328 -0.001979 0.032765
-0.007322 -0.001719 0.032971 -0.007358 -0.001730 0.032815
-0.006757 -0.001776 0.033818 -0.006786 -0.001755 0.033640
-0.006705 -0.001814 0.033880 -0.006733 -0.001789 0.033700
-0.007593 -0.001088 0.033009 -0.007650 -0.001120 0.032851
-0.007858 -0.000716 0.032859 -0.007930 -0.000767 0.032704
-0.006877 -0.001439 0.033894 -0.006917 -0.001427 0.033713
-0.006851 -0.001352 0.033960 -0.006895 -0.001340 0.033777
-0.007672 -0.000599 0.033209 -0.007746 -0.000641 0.033045
-0.007360 -0.000833 0.033562 -0.007424 -0.000854 0.033390
0.006629 -0.003612 0.035357 0.006488 -0.002981 0.034955
-0.007589 0.000612 0.033755 -0.007708 0.000560 0.033571
-0.007152 0.000453 0.034319 -0.007262 0.000426 0.034122
-0.007331 0.000462 0.034351 -0.007438 0.000428 0.034156
-0.006790 0.000390 0.034719 -0.006897 0.000383 0.034510
-0.000870 0.001369 0.059649 -0.000721 0.001817 0.058961
-0.005722 0.004768 0.058545 -0.005657 0.004946 0.057924
-0.006893 0.002792 0.035149 -0.007094 0.002746 0.034916
-0.006389 0.002846 0.035857 -0.006589 0.002828 0.035605
-0.006199 0.007445 0.037817 -0.006567 0.007379 0.037495
-0.004756 -0.004230 0.033594 -0.004716 -0.004087 0.033406
-0.004340 -0.004346 0.033869 -0.004298 -0.004181 0.033672
-0.007343 -0.002621 0.031977 -0.007356 -0.002628 0.031842
-0.007476 -0.002082 0.032396 -0.007503 -0.002098 0.032253
-0.007198 -0.001986 0.032936 -0.007225 -0.001988 0.032780
-0.007291 -0.001754 0.033060 -0.007325 -0.001762 0.032902
-0.007164 -0.001837 0.033137 -0.007195 -0.001838 0.032976
-0.007079 -0.001798 0.033331 -0.007110 -0.001794 0.033166
-0.007788 -0.000926 0.032775 -0.007853 -0.000971 0.032622
-0.007387 -0.001248 0.033248 -0.007437 -0.001267 0.033084
-0.007113 -0.000863 0.033935 -0.007173 -0.000870 0.033753
0.006852 -0.003719 0.035079 0.006708 -0.003079 0.034679
-0.007508 0.000750 0.033811 -0.007633 0.000699 0.033624
-0.007112 0.003148 0.034967 -0.007327 0.003086 0.034738
0.005995 0.001004 0.037895 0.005708 0.001558 0.037427
0.007339 0.005065 0.039041 0.006876 0.005621 0.038502
0.007345 0.005304 0.039127 0.006873 0.005858 0.038585
-0.007271 -0.002855 0.031846 -0.007278 -0.002855 0.031715
-0.006351 -0.003082 0.033139 -0.006342 -0.003029 0.032975
0.004643 -0.005415 0.034479 0.004596 -0.004847 0.034137
-0.007342 -0.002327 0.032399 -0.007361 -0.002334 0.032256
-0.006995 -0.001721 0.033527 -0.007028 -0.001713 0.033357
-0.007296 0.000450 0.033852 -0.007410 0.000413 0.033664
-0.007087 0.000253 0.034288 -0.007189 0.000232 0.034092
-0.005701 0.011653 0.039513 -0.006229 0.011555 0.039123
-0.004706 -0.004157 0.033797 -0.004667 -0.004012 0.033605
-0.007071 -0.002300 0.032860 -0.007088 -0.002292 0.032706
-0.006735 -0.001895 0.033776 -0.006760 -0.001871 0.033599
-0.007534 -0.001193 0.032971 -0.007589 -0.001221 0.032814
-0.005042 -0.004285 0.033159 -0.005002 -0.004157 0.032984
-0.007461 -0.000728 0.033400 -0.007530 -0.000757 0.033231
-0.006078 -0.002500 0.034025 -0.006084 -0.002436 0.033839
-0.006996 -0.001124 0.033847 -0.007049 -0.001123 0.033667
-0.005175 -0.003931 0.033730 -0.005139 -0.003809 0.033545
-0.006794 -0.002867 0.032540 -0.006797 -0.002841 0.032390
-0.006618 0.005800 0.049060 -0.006732 0.005840 0.048588
-0.005157 -0.004318 0.032828 -0.005120 -0.004197 0.032659
-0.004632 0.001097 0.058712 -0.004426 0.001381 0.058100
-0.005124 -0.004365 0.032934 -0.005083 -0.004241 0.032764
-0.006976 -0.003201 0.031948 -0.006970 -0.003183 0.031813
-0.008200 0.001295 0.033163 -0.008347 0.001200 0.032993
-0.007999 -0.000746 0.032592 -0.008071 -0.000804 0.032444
-0.007451 0.001089 0.034025 -0.007588 0.001037 0.033831
0.009194 -0.000650 0.034997 0.008880 0.000040 0.034535
-0.000504 -0.007012 0.033899 -0.000409 -0.006642 0.033661
0.000361 -0.007232 0.033923 0.000452 -0.006821 0.033673
-0.002852 -0.001682 0.059811 -0.002539 -0.001268 0.059176
-0.004393 -0.004582 0.033496 -0.004346 -0.004419 0.033307
0.000835 -0.009897 0.032786 0.001013 -0.009434 0.032567
0.003558 -0.009916 0.032417 0.003688 -0.009340 0.032160
0.003406 -0.010835 0.032424 0.003578 -0.010251 0.032176
0.000810 -0.009810 0.032953 0.000988 -0.009348 0.032731
-0.007949 -0.002254 0.031123 -0.007981 -0.002299 0.031009
-0.007982 -0.002060 0.031286 -0.008019 -0.002108 0.031168
-0.007722 -0.001956 0.032004 -0.007757 -0.001989 0.031870
-0.006840 -0.001318 0.034037 -0.006884 -0.001305 0.033853
-0.007818 -0.002816 0.029680 -0.007851 -0.002859 0.029590
-0.007987 -0.002651 0.029782 -0.008023 -0.002703 0.029692
-0.007834 -0.002405 0.031137 -0.007861 -0.002443 0.031022
-0.008360 -0.002161 0.029433 -0.008416 -0.002240 0.029350
-0.007880 -0.002296 0.031226 -0.007910 -0.002337 0.031109
-0.008177 -0.001217 0.031813 -0.008239 -0.001282 0.031684
-0.003697 -0.004824 0.033889 -0.003644 -0.004624 0.033686
-0.005113 -0.004418 0.032845 -0.005071 -0.004293 0.032676
-0.007723 -0.001664 0.032295 -0.007765 -0.001699 0.032155
-0.006348 -0.002644 0.033603 -0.006350 -0.002593 0.033429
-0.007863 -0.000927 0.032633 -0.007929 -0.000976 0.032484
-0.003019 -0.001755 0.059765 -0.002701 -0.001348 0.059134
-0.002215 -0.002096 0.059779 -0.001895 -0.001649 0.059138
-0.003526 0.001503 0.059396 -0.003344 0.001833 0.058753
-0.006011 0.004292 0.058782 -0.005917 0.004467 0.058166
-0.002380 0.005499 0.059812 -0.002380 0.005819 0.059111
0.004918 0.005556 0.050740 0.004656 0.006104 0.050059
-0.003144 -0.003539 0.058203 -0.002772 -0.003123 0.057612
-0.002845 -0.002062 0.059841 -0.002516 -0.001642 0.059209
-0.002062 0.001592 0.059098 -0.001912 0.001980 0.058435
0.005055 -0.005008 0.034767 0.004989 -0.004426 0.034410
-0.006547 0.006521 0.049353 -0.006689 0.006555 0.048870
-0.004897 -0.000054 0.058338 -0.004643 0.000234 0.057745
0.005487 0.005838 0.050612 0.005202 0.006405 0.049922
-0.006527 -0.002855 0.033067 -0.006526 -0.002813 0.032906
0.007090 -0.003918 0.034683 0.006944 -0.003268 0.034287
0.007105 -0.003810 0.034755 0.006955 -0.003161 0.034356
-0.007034 0.000893 0.034594 -0.007160 0.000867 0.034387
-0.007478 -0.000750 0.033431 -0.007546 -0.000779 0.033262
-0.008030 -0.001677 0.032065 -0.008071 -0.001727 0.031933
-0.007794 -0.001355 0.032547 -0.007844 -0.001395 0.032401
-0.008448 -0.001689 0.030072 -0.008512 -0.001774 0.029977
-0.008242 -0.000922 0.031958 -0.008313 -0.000993 0.031825
-0.007948 -0.001261 0.032231 -0.008005 -0.001312 0.032092
-0.006798 0.002795 0.035138 -0.007000 0.002753 0.034903
-0.007865 -0.001589 0.032099 -0.007911 -0.001633 0.031963
-0.007940 -0.000846 0.032631 -0.008009 -0.000900 0.032482
-0.008193 0.000482 0.033084 -0.008307 0.000400 0.032922
-0.007738 -0.002337 0.031550 -0.007764 -0.002368 0.031427
-0.007825 -0.001271 0.032486 -0.007880 -0.001314 0.032341
-0.007599 -0.002701 0.031394 -0.007613 -0.002722 0.031273
-0.008109 -0.000872 0.032223 -0.008180 -0.000936 0.032083
-0.008057 -0.001226 0.032055 -0.008117 -0.001284 0.031920
-0.007859 -0.001043 0.032579 -0.007921 -0.001091 0.032431
-0.007764 -0.002979 0.029816 -0.007789 -0.003017 0.029725
-0.007515 -0.007585 0.028011 -0.007376 -0.007554 0.027979
-0.007310 -0.007880 0.028546 -0.007154 -0.007832 0.028506
-0.006530 -0.007986 0.029703 -0.006364 -0.007892 0.029633
-0.003397 -0.008877 0.032037 -0.003206 -0.008616 0.031889
-0.006377 -0.002211 0.033987 -0.006391 -0.002166 0.033803
-0.004658 0.001382 0.058798 -0.004462 0.001661 0.058183
-0.003471 0.001792 0.059611 -0.003299 0.002122 0.058961
-0.002440 -0.002757 0.059501 -0.002092 -0.002312 0.058873
0.001912 0.003875 0.059843 0.001913 0.004402 0.059086
0.004673 -0.005226 0.034672 0.004621 -0.004658 0.034325
0.005097 -0.004456 0.035352 0.005016 -0.003876 0.034981
0.005206 -0.005062 0.034856 0.005141 -0.004472 0.034496
0.004990 -0.005195 0.034540 0.004929 -0.004615 0.034189
0.005373 -0.005034 0.034579 0.005300 -0.004440 0.034220
-0.004691 0.000900 0.058623 -0.004477 0.001184 0.058015
-0.002334 0.001528 0.059025 -0.002178 0.001905 0.058368
-0.002358 -0.001793 0.059620 -0.002051 -0.001359 0.058981
0.005087 -0.004578 0.035237 0.005010 -0.003997 0.034870
0.005183 -0.004507 0.035246 0.005101 -0.003923 0.034876
0.005329 -0.005170 0.034391 0.005260 -0.004577 0.034037
-0.001951 -0.006181 0.057432 -0.001498 -0.005679 0.056855
0.004537 -0.004963 0.035077 0.004483 -0.004402 0.034724
-0.006194 -0.000859 0.034807 -0.006255 -0.000820 0.034597
-0.008019 0.000685 0.033009 -0.008146 0.000606 0.032844
-0.006914 -0.000029 0.034298 -0.007007 -0.000037 0.034101
-0.006914 -0.000119 0.034549 -0.007000 -0.000125 0.034349
-0.007176 0.000647 0.034261 -0.007294 0.000616 0.034063
-0.006337 0.000383 0.035377 -0.006440 0.000401 0.035151
-0.005199 0.000435 0.035694 -0.005317 0.000503 0.035445
-0.008631 0.003401 0.033092 -0.008861 0.003254 0.032913
-0.008247 0.003313 0.033378 -0.008476 0.003186 0.033189
-0.007202 0.002459 0.034200 -0.007399 0.002397 0.033989
-0.005884 0.001765 0.035773 -0.006047 0.001784 0.035522
-0.000115 -0.008331 0.055742 0.000373 -0.007732 0.055179
0.000485 -0.005926 0.055636 0.000859 -0.005341 0.055045
0.000881 -0.005737 0.056128 0.001249 -0.005133 0.055521
-0.008353 -0.000093 0.032210 -0.008453 -0.000180 0.032068
-0.008318 -0.000016 0.032183 -0.008423 -0.000103 0.032040
-0.004963 -0.002557 0.034831 -0.004972 -0.002438 0.034615
0.005269 -0.003691 0.035770 0.005160 -0.003113 0.035385
0.004952 -0.003863 0.035764 0.004854 -0.003295 0.035385
-0.008114 0.000155 0.032564 -0.008223 0.000077 0.032411
-0.007203 -0.000008 0.033871 -0.007300 -0.000033 0.033684
-0.006408 -0.001064 0.034458 -0.006463 -0.001033 0.034258
-0.005822 -0.001365 0.035085 -0.005864 -0.001300 0.034869
-0.005856 -0.001445 0.035151 -0.005893 -0.001379 0.034935
-0.005883 -0.000866 0.035211 -0.005943 -0.000810 0.034991
-0.005981 -0.000611 0.035366 -0.006048 -0.000562 0.035143
0.005739 -0.002736 0.036330 0.005590 -0.002147 0.035920
0.005837 -0.002496 0.036385 0.005677 -0.001907 0.035972
-0.008392 0.001663 0.032886 -0.008556 0.001552 0.032720
-0.007894 0.002465 0.032455 -0.008107 0.002358 0.032281
-0.005987 0.000145 0.035537 -0.006083 0.000184 0.035305
-0.006389 0.000811 0.035316 -0.006510 0.000820 0.035088
-0.006034 0.000342 0.035744 -0.006134 0.000377 0.035508
-0.004914 0.000571 0.035552 -0.005046 0.000648 0.035299
-0.008555 0.003690 0.033130 -0.008798 0.003542 0.032947
-0.008504 0.004086 0.033237 -0.008764 0.003935 0.033049
-0.007481 0.002833 0.034402 -0.007686 0.002756 0.034190
-0.006502 0.002066 0.035076 -0.006678 0.002048 0.034843
-0.005340 0.001456 0.035445 -0.005504 0.001501 0.035193
-0.003586 -0.010498 0.055402 -0.002955 -0.010015 0.054917
-0.003258 -0.010591 0.055421 -0.002628 -0.010092 0.054932
-0.002303 -0.010597 0.055577 -0.001686 -0.010056 0.055069
-0.002311 -0.010729 0.055700 -0.001686 -0.010185 0.055191
-0.000556 -0.009081 0.055490 -0.000033 -0.008491 0.054943
-0.000672 -0.008481 0.056050 -0.000164 -0.007900 0.055492
0.000432 -0.005715 0.056644 0.000815 -0.005126 0.056037
0.000904 -0.005628 0.056504 0.001272 -0.005022 0.055891
0.001700 -0.004305 0.056700 0.002003 -0.003684 0.056060
0.001695 -0.003904 0.057154 0.001988 -0.003286 0.056504
0.005328 -0.003405 0.036022 0.005209 -0.002826 0.035629
-0.007558 0.000446 0.033610 -0.007672 0.000396 0.033429
-0.006131 -0.001356 0.034670 -0.006174 -0.001308 0.034466
-0.006556 -0.000759 0.034532 -0.006620 -0.000739 0.034332
0.005907 -0.002322 0.036454 0.005740 -0.001732 0.036036
0.006025 -0.002311 0.036900 0.005862 -0.001712 0.036474
-0.007734 0.002726 0.032518 -0.007960 0.002623 0.032339
-0.007183 0.002417 0.033208 -0.007393 0.002348 0.033012
-0.006553 0.000456 0.034928 -0.006663 0.000461 0.034712
-0.006631 0.002096 0.033918 -0.006825 0.002062 0.033705
-0.006151 0.001843 0.034496 -0.006334 0.001839 0.034269
-0.005958 0.001767 0.034710 -0.006137 0.001774 0.034477
-0.005512 0.000325 0.035822 -0.005619 0.000383 0.035577
-0.005375 0.000701 0.035694 -0.005502 0.000758 0.035446
-0.008368 0.003937 0.033450 -0.008620 0.003796 0.033257
-0.007798 0.002948 0.033805 -0.008011 0.002850 0.033606
-0.002720 -0.010637 0.055480 -0.002096 -0.010114 0.054981
-0.001597 -0.010252 0.055661 -0.001005 -0.009685 0.055138
0.000150 -0.006390 0.055839 0.000553 -0.005809 0.055254
0.005453 -0.003748 0.035717 0.005342 -0.003161 0.035330
-0.008065 0.001832 0.033290 -0.008235 0.001736 0.033112
-0.008971 0.003663 0.033257 -0.009205 0.003499 0.033079
-0.006673 0.002193 0.035179 -0.006851 0.002166 0.034947
-0.007193 0.002751 0.034718 -0.007394 0.002690 0.034496
0.001994 -0.004019 0.056922 0.002284 -0.003388 0.056272
-0.007751 0.002757 0.032991 -0.007970 0.002657 0.032804
-0.007408 0.002582 0.033376 -0.007620 0.002503 0.033180
-0.007388 0.001189 0.034280 -0.007526 0.001141 0.034081
-0.007687 0.002703 0.033569 -0.007896 0.002612 0.033374
-0.006084 0.001881 0.034923 -0.006262 0.001883 0.034687
-0.005034 0.001394 0.035848 -0.005193 0.001456 0.035586
-0.008482 0.001104 0.032547 -0.008626 0.000995 0.032392
-0.008248 0.001264 0.033003 -0.008395 0.001167 0.032836
-0.007785 0.001354 0.033844 -0.007930 0.001283 0.033657
-0.007769 0.001337 0.033819 -0.007914 0.001266 0.033632
-0.008212 0.003008 0.032309 -0.008445 0.002878 0.032139
-0.007819 -0.001130 0.032604 -0.007878 -0.001175 0.032456
-0.006196 0.000033 0.035063 -0.006291 0.000060 0.034842
0.009009 -0.003466 0.033269 0.008791 -0.002754 0.032859
0.031730 0.011656 0.032147 0.030488 0.013081 0.031266
0.027532 0.013352 0.034279 0.026318 0.014590 0.033419
0.009075 -0.003451 0.033255 0.008855 -0.002736 0.032844
-0.008022 -0.002031 0.031569 -0.008055 -0.002079 0.031447
-0.008139 -0.001690 0.031335 -0.008189 -0.001751 0.031216
-0.006638 0.000406 0.035249 -0.006740 0.000410 0.035029
-0.007957 -0.002806 0.029433 -0.007993 -0.002858 0.029349
-0.006645 -0.002917 0.032917 -0.006642 -0.002881 0.032760
-0.007769 -0.002330 0.031407 -0.007796 -0.002364 0.031286
-0.007096 0.000703 0.034378 -0.007217 0.000676 0.034177
-0.008078 -0.001466 0.031858 -0.008130 -0.001523 0.031728
-0.007284 -0.002397 0.032273 -0.007302 -0.002402 0.032132
-0.005285 -0.004344 0.032712 -0.005246 -0.004229 0.032548
-0.004576 -0.002023 0.035115 -0.004610 -0.001894 0.034884
-0.004729 -0.003921 0.033980 -0.004697 -0.003778 0.033784
-0.007816 -0.001248 0.032473 -0.007872 -0.001292 0.032328
-0.002754 -0.009422 0.032299 -0.002546 -0.009123 0.032141
0.009406 -0.003919 0.031750 0.009177 -0.003196 0.031361
0.007651 -0.003832 0.034230 0.007485 -0.003163 0.033830
0.007684 -0.003584 0.034479 0.007511 -0.002916 0.034073
0.004977 -0.005411 0.034336 0.004923 -0.004830 0.033990
0.007205 -0.003852 0.034624 0.007054 -0.003199 0.034226
-0.007421 -0.002322 0.032193 -0.007442 -0.002334 0.032055
-0.007728 -0.002509 0.031275 -0.007750 -0.002540 0.031157
-0.007837 -0.002149 0.031327 -0.007872 -0.002190 0.031206
-0.000818 0.014453 0.010876 -0.001994 0.014267 0.010818
-0.008037 -0.002577 0.029847 -0.008075 -0.002632 0.029756
-0.007060 -0.001760 0.033436 -0.007091 -0.001755 0.033268
-0.005289 0.000008 0.035773 -0.005387 0.000080 0.035527
-0.005557 -0.002851 0.034350 -0.005551 -0.002757 0.034153
0.005203 -0.005139 0.034557 0.005137 -0.004550 0.034202
-0.006555 0.006866 0.049444 -0.006709 0.006895 0.048957
-0.004891 -0.004063 0.033646 -0.004856 -0.003928 0.033459
-0.002826 -0.001912 0.059778 -0.002504 -0.001495 0.059145
-0.004596 0.010910 0.044452 -0.005033 0.010914 0.043976
-0.004589 -0.004068 0.033996 -0.004553 -0.003916 0.033798
-0.007866 -0.002171 0.031482 -0.007897 -0.002211 0.031360
-0.006459 -0.002239 0.033878 -0.006473 -0.002197 0.033698
-0.007453 0.001310 0.033606 -0.007606 0.001251 0.033417
-0.004100 -0.004593 0.033821 -0.004051 -0.004414 0.033622
-0.004477 -0.004645 0.033359 -0.004428 -0.004486 0.033174
-0.008035 -0.001806 0.031480 -0.008079 -0.001858 0.031358
-0.006647 -0.002508 0.033304 -0.006655 -0.002475 0.033138
-0.006336 -0.002547 0.033636 -0.006342 -0.002497 0.033460
-0.003787 -0.009167 0.031724 -0.003582 -0.008921 0.031589
-0.006657 0.006055 0.049169 -0.006779 0.006091 0.048694
-0.004507 -0.004100 0.034031 -0.004470 -0.003945 0.033832
-0.008328 -0.002092 0.029687 -0.008384 -0.002168 0.029599
-0.004851 -0.004470 0.033147 -0.004807 -0.004331 0.032970
-0.004766 -0.003438 0.033848 -0.004756 -0.003306 0.033651
-0.007886 -0.001464 0.032041 -0.007938 -0.001511 0.031905
-0.008199 -0.000768 0.032147 -0.008275 -0.000838 0.032009
-0.003411 -0.004954 0.033888 -0.003358 -0.004740 0.033681
-0.008360 -0.002071 0.029566 -0.008418 -0.002150 0.029480
-0.008516 -0.001808 0.029998 -0.008576 -0.001895 0.029906
-0.006147 -0.002069 0.034235 -0.006167 -0.002013 0.034043
-0.006518 -0.001733 0.034281 -0.006546 -0.001698 0.034092
-0.006620 -0.003045 0.032768 -0.006614 -0.003007 0.032614
-0.006641 -0.002338 0.033555 -0.006652 -0.002305 0.033384
-0.005869 -0.002227 0.034321 -0.005885 -0.002156 0.034125
-0.004491 -0.004442 0.033799 -0.004444 -0.004282 0.033606
0.004947 -0.004545 0.035299 0.004872 -0.003970 0.034933
-0.005029 -0.003491 0.034136 -0.005008 -0.003366 0.033939
-0.003581 -0.004906 0.033805 -0.003528 -0.004700 0.033602
0.006756 -0.001492 0.036578 0.006542 -0.000878 0.036139
0.005146 -0.005310 0.034303 0.005085 -0.004724 0.033954
-0.005849 -0.001883 0.034649 -0.005875 -0.001814 0.034444
-0.006198 -0.000650 0.035030 -0.006265 -0.000612 0.034816
-0.006235 0.000332 0.035388 -0.006338 0.000355 0.035160
-0.003578 -0.004902 0.033804 -0.003525 -0.004696 0.033600
-0.007063 -0.002703 0.032886 -0.007062 -0.002688 0.032734
-0.005957 -0.002611 0.033984 -0.005961 -0.002541 0.033797
-0.006175 0.000227 0.035434 -0.006273 0.000255 0.035206
0.008228 -0.002827 0.034613 0.008016 -0.002147 0.034190
0.006623 -0.003756 0.035155 0.006485 -0.003124 0.034757
0.006383 -0.003842 0.035392 0.006257 -0.003217 0.034995
-0.004768 -0.000089 0.058799 -0.004508 0.000209 0.058197
-0.004416 0.001465 0.059126 -0.004222 0.001756 0.058501
-0.005929 0.004329 0.058813 -0.005839 0.004507 0.058195
-0.004842 -0.000509 0.058187 -0.004573 -0.000213 0.057599
-0.004597 0.000131 0.058552 -0.004353 0.000430 0.057950
-0.003262 0.001801 0.059486 -0.003096 0.002138 0.058834
-0.004790 0.000686 0.058492 -0.004568 0.000968 0.057890
-0.006706 0.005844 0.049063 -0.006820 0.005880 0.048592
-0.006838 0.007481 0.049721 -0.007009 0.007491 0.049229
-0.006516 0.008004 0.049928 -0.006712 0.008022 0.049424
0.026023 0.013057 0.031727 0.024805 0.014214 0.030933
