-0.665444 0.151050 0.731005
-0.993423 0.015683 0.113420
-0.973057 0.049786 0.225126
-0.912092 0.092292 0.399463
-0.937081 -0.025427 -0.348184
-0.184929 0.183569 0.965455
0.912695 -0.090647 0.398461
-0.200251 0.182472 0.962602
-0.915485 0.100840 0.389511
-0.966217 0.065743 -0.249203
-0.144883 0.168805 0.974943
-0.977946 0.068627 0.197259
-0.976406 0.044008 0.211412
-0.912294 0.095411 0.398266
-0.952348 -0.026133 -0.303892
-0.632711 0.098841 0.768054
-0.501229 0.086139 0.861017
-0.608514 0.154015 0.778454
-0.999975 0.001539 -0.006940
-0.665757 0.143843 0.732173
-0.896815 0.109670 0.428598
-0.968519 0.020805 -0.248068
-0.999614 0.003429 -0.027568
-0.493869 0.118173 0.861469
-0.564473 0.089655 0.820568
-0.999496 0.014012 -0.028499
-0.905775 0.085909 0.414960
-0.552831 0.086443 0.828798
-0.574489 0.009742 0.818455
-0.485717 0.080567 0.870395
-0.780972 0.064348 0.621242
-0.292818 0.094997 0.951437
0.216172 -0.172377 0.961018
-0.965887 0.065732 -0.250485
-0.427681 0.186797 0.884418
-0.161703 0.113464 0.980295
-0.201358 -0.031069 0.979025
-0.314523 0.125238 0.940952
-0.401633 0.098155 0.910526
-0.723602 0.061619 0.687462
-0.423644 0.112528 0.898812
-0.929267 -0.354816 -0.102803
0.688159 0.035675 0.724682
0.931724 0.032563 0.361704
0.963052 0.032371 0.267364
0.963584 0.037776 0.264723
0.661935 0.041132 0.748432
0.931848 0.036556 0.361003
-0.148508 -0.220543 -0.964005
-0.568690 -0.144949 -0.809680
0.538124 -0.667096 -0.515175
0.883727 0.000895 0.468001
0.353282 0.007732 0.935485
0.887192 0.003777 0.461386
0.349314 0.008415 0.936968
0.183080 -0.005994 0.983080
0.096876 0.073455 0.992582
-0.084641 -0.118990 -0.989281
-0.995517 0.033564 0.088431
-0.998193 0.014392 -0.058338
0.913932 -0.020200 -0.405364
-0.945748 0.094931 0.310723
-0.975414 0.005391 0.220315
-0.865537 -0.007288 0.500792
0.258414 -0.099680 -0.960878
-0.999923 -0.006360 -0.010702
0.421774 0.018088 -0.906521
0.983006 -0.042466 -0.178596
-0.968043 -0.101400 -0.229371
-0.997944 0.060572 -0.020948
-0.475852 -0.345297 0.808909
-0.998313 0.046699 -0.034503
-0.948934 -0.199535 -0.244357
-0.989124 -0.013027 -0.146507
-0.766680 -0.045137 -0.640440
-0.556714 -0.762332 -0.330031
-0.910761 -0.143661 -0.387138
-0.800409 -0.015607 -0.599251
-0.992538 0.007287 0.121721
-0.855234 -0.022215 -0.517765
-0.774290 -0.007252 -0.632789
-0.474758 -0.088987 -0.875606
-0.439735 -0.037214 -0.897356
-0.131914 0.025848 -0.990924
-0.997588 0.025037 0.064746
-0.759871 -0.064587 -0.646857
-0.445467 -0.040834 -0.894367
0.970174 0.140418 -0.197601
0.666395 -0.106779 -0.737913
-0.297212 -0.133846 -0.945384
-0.969665 -0.004001 0.244404
-0.350930 -0.065935 -0.934077
0.969229 0.037876 -0.243229
-0.293137 -0.136317 -0.946303
-0.645468 -0.099658 -0.757258
-0.354792 -0.061634 -0.932911
0.790714 -0.034972 -0.611185
-0.316094 -0.147329 -0.937219
-0.652967 -0.118952 -0.747987
-0.997192 0.044971 -0.059882
-0.363844 -0.065293 -0.929169
-0.416705 -0.133660 -0.899162
-0.994462 0.005492 -0.104957
-0.867632 -0.254720 -0.427003
-0.994287 0.079511 0.071212
-0.991104 0.113823 0.068972
-0.960655 -0.170770 -0.219041
-0.463491 -0.022409 -0.885818
-0.524394 -0.030706 -0.850922
-0.880759 -0.054668 -0.470398
-0.440632 -0.014558 -0.897570
-0.504292 -0.095360 -0.858252
-0.872872 -0.047250 -0.485656
-0.994045 0.089487 0.062182
-0.886944 -0.094615 -0.452081
-0.693926 -0.100311 -0.713025
-0.946618 -0.033563 -0.320606
-0.941443 0.030851 -0.335756
-0.157986 0.172419 0.972271
0.499196 -0.194558 0.844364
-0.954435 0.141141 0.262931
-0.612663 -0.184229 -0.768573
-0.715506 -0.132481 -0.685930
-0.360148 -0.076730 -0.929734
-0.717194 -0.122298 -0.686059
-0.337080 -0.119428 -0.933870
-0.760678 -0.178510 -0.624102
-0.595501 0.105171 -0.796440
-0.075144 -0.022721 -0.996914
-0.238638 0.015535 -0.970984
0.822024 -0.037796 -0.568197
-0.733056 0.004958 -0.680150
-0.996070 0.059727 -0.065398
